7.557725 3.018112
5.260313 0.298413
4.590537 -0.343313
3.115922 0.153147
7.342563 3.382092
6.184811 2.656403
3.928934 2.338233
6.956356 4.812509
7.096578 -0.425962
6.431105 3.384793
3.744812 1.466791
6.265766 1.956969
6.928532 0.096190
4.566485 -0.661935
6.981725 5.215837
7.801150 1.649693
3.327837 -0.243243
4.150150 -0.128958
4.393122 1.402249
5.043553 -3.358832
4.175525 -2.689940
3.534654 0.298697
5.850680 -0.007772
5.668110 3.414433
6.163460 5.905765
4.273427 -1.230008
3.880453 1.389353
6.433623 -0.448850
5.129559 -3.581083
7.375022 -1.340483
4.951372 0.085418
4.686111 0.728911
1.767660 -0.123604
8.992886 -2.006454
0.820871 1.367334
5.251976 -0.366952
4.383133 -0.860545
4.801625 -0.896125
4.835534 -0.381318
5.539341 0.174491
5.478242 2.825644
4.368116 -1.451336
6.945397 -2.164105
2.960430 1.239333
6.321068 0.810311
5.110992 3.455283
3.374519 -1.984657
4.393910 -2.706610
5.993544 2.872640
2.091383 -0.496911
5.511270 1.672988
7.925538 2.306429
5.751550 0.447785
3.622996 1.067064
4.372203 1.208812
5.850043 5.139801
6.219506 -0.096592
5.314688 -2.742131
3.652269 0.166491
6.789458 -0.530075
4.501440 0.099995
4.440440 -0.048804
8.579472 0.855054
5.110008 -3.917665
6.480640 2.889058
3.380199 -0.395878
4.985881 -0.669286
7.526675 -0.349669
9.925356 2.350236
3.287112 -0.423944
5.981127 -0.607529
6.421054 -0.194970
5.777107 -0.529792
2.721171 -1.878841
7.474234 -0.403427
4.478807 -2.951154
1.123298 -1.785638
2.084751 1.099798
5.816894 2.762175
2.232131 -1.070706
7.049530 -4.052238
4.868325 0.196097
7.057477 -1.757168
2.707092 -1.372675
5.386799 -1.941354
6.246526 -0.714517
5.576242 0.183598
4.196264 -1.937217
6.719569 -0.703664
3.958647 -0.701956
6.208694 5.113237
3.275029 2.141590
5.301253 -0.491498
5.773542 3.681320
4.289951 1.428519
3.407028 1.517150
6.145300 1.952581
5.644646 0.745191
3.698243 -3.437127
6.877890 3.978967
