0.130416 2.769710
1.324593 5.710253
-0.216766 5.056759
-2.965111 2.572370
-4.425987 4.356626
-1.422207 5.641730
3.344464 4.413722
3.009551 4.550238
2.399952 8.000961
6.629679 8.959782
0.014312 5.345562
2.258267 3.800744
1.704476 5.555805
-4.318515 4.503317
-1.378894 4.310806
-5.067215 4.827845
-2.460191 5.183432
0.807113 1.986960
-4.986566 3.203655
-3.461891 3.061714
-0.304647 5.007083
0.320888 4.451728
1.516226 3.914092
0.046187 4.496578
-5.524813 4.444775
1.364735 3.733132
-4.413980 3.759626
1.857679 6.641544
1.026574 5.750312
4.644192 6.612138
3.406730 8.925175
-0.960031 4.543971
-3.110689 6.165696
-1.590201 5.427887
-0.853325 3.248123
-1.623666 4.181342
0.936969 5.688379
-0.665511 5.994811
-0.643052 5.971843
-2.428359 1.521049
0.762798 2.659803
-2.135857 2.790133
1.207109 5.270366
-2.525496 3.784034
2.903593 2.586607
1.958954 4.536892
-3.041619 5.421957
-0.180986 6.550212
-2.326656 3.789927
-0.008573 6.437758
1.401725 6.066038
-0.205457 7.223377
0.110996 4.704060
1.489582 4.639228
4.849181 6.562254
-0.787730 5.293646
-3.964044 4.656258
2.849557 8.135160
1.255110 5.390874
0.755791 6.357901
3.149072 4.367861
1.962435 5.889250
0.014859 2.629913
-3.366429 7.533438
0.483595 2.787758
-1.406436 5.625285
-3.016534 5.936220
-1.545562 5.191953
0.266096 7.326451
-1.851355 4.750531
1.022273 2.569353
3.023503 5.775551
-0.506526 7.987432
-1.770717 1.806059
-1.573064 3.248521
3.437902 5.769990
-5.008235 7.900275
1.960939 5.196967
2.327716 3.288597
-2.184659 4.389876
-1.247700 5.269527
-0.383844 4.197343
-3.813415 4.315892
-0.904181 3.444917
-6.367904 3.121330
1.113198 7.855197
7.342400 6.613370
0.891159 5.160954
-0.703852 1.848284
-2.488207 4.473605
-2.178171 4.323222
-1.074508 3.857904
-1.913060 4.047381
1.238353 2.809973
-3.031945 5.369947
0.715548 6.941587
2.043567 4.649402
-3.460199 6.253913
2.740701 3.700100
2.192213 3.283943
